STAGE 2 - TSS THRESHOLD TUNING
tuning days=176  thresholds=[2.0, 2.5, 3.0, 3.5, 4.0, 4.5, 5.0, 5.5, 6.0]  tol=+/-180s
======================================================================

solexs_sdd2  (in-GTI SWPC flares=1647, neg-opportunities=35967, GTI days~156)
   thr    TP     FP    FN    POD    FAR    POFD     TSS     HSS
   2.0  1509   2173   138  0.916  0.590  0.0604  0.8558  0.5384
   2.5  1501   1753   146  0.911  0.539  0.0487  0.8626  0.5886
   3.0  1489   1473   158  0.904  0.497  0.0410  0.8631  0.6250
   3.5  1481   1265   166  0.899  0.461  0.0352  0.8640  0.6554
   4.0  1464   1109   183  0.889  0.431  0.0308  0.8581  0.6766
   4.5  1441    975   206  0.875  0.404  0.0271  0.8478  0.6934
   5.0  1419    878   228  0.862  0.382  0.0244  0.8372  0.7045
   5.5  1400    799   247  0.850  0.363  0.0222  0.8278  0.7137
   6.0  1382    747   265  0.839  0.351  0.0208  0.8183  0.7181
  --> CHOSEN threshold = 3.5 sigma (TSS=0.8640)
      per-class recall at chosen: B:0/0  C:1001/1137  M:459/489  X:21/21

hel1os_cdte1  (in-GTI SWPC flares=1633, neg-opportunities=36625, GTI days~159)
   thr    TP     FP    FN    POD    FAR    POFD     TSS     HSS
   2.0  1181   2583   452  0.723  0.686  0.0705  0.6527  0.4021
   2.5  1149   2350   484  0.704  0.672  0.0642  0.6394  0.4137
   3.0  1119   2141   514  0.685  0.657  0.0585  0.6268  0.4247
   3.5  1075   2007   558  0.658  0.651  0.0548  0.6035  0.4238
   4.0  1049   1874   584  0.642  0.641  0.0512  0.5912  0.4292
   4.5  1021   1789   612  0.625  0.637  0.0488  0.5764  0.4288
   5.0   989   1703   644  0.606  0.633  0.0465  0.5591  0.4269
   5.5   964   1626   669  0.590  0.628  0.0444  0.5459  0.4265
   6.0   940   1551   693  0.576  0.623  0.0423  0.5333  0.4263
  --> CHOSEN threshold = 2.0 sigma (TSS=0.6527)
      per-class recall at chosen: B:0/0  C:717/1124  M:446/488  X:18/21

hel1os_cdte2  (in-GTI SWPC flares=1633, neg-opportunities=36625, GTI days~159)
   thr    TP     FP    FN    POD    FAR    POFD     TSS     HSS
   2.0   904   1525   729  0.554  0.628  0.0416  0.5119  0.4153
   2.5   851   1371   782  0.521  0.617  0.0374  0.4837  0.4126
   3.0   810   1244   823  0.496  0.606  0.0340  0.4621  0.4114
   3.5   767   1144   866  0.470  0.599  0.0312  0.4385  0.4055
   4.0   740   1064   893  0.453  0.590  0.0291  0.4241  0.4039
   4.5   709   1002   924  0.434  0.586  0.0274  0.4068  0.3977
   5.0   680    940   953  0.416  0.580  0.0257  0.3907  0.3922
   5.5   662    880   971  0.405  0.571  0.0240  0.3814  0.3918
   6.0   641    836   992  0.393  0.566  0.0228  0.3697  0.3874
  --> CHOSEN threshold = 2.0 sigma (TSS=0.5119)
      per-class recall at chosen: B:0/0  C:491/1124  M:394/488  X:19/21

hel1os_czt1  (in-GTI SWPC flares=1633, neg-opportunities=36625, GTI days~159)
   thr    TP     FP    FN    POD    FAR    POFD     TSS     HSS
   2.0   264    392  1369  0.162  0.598  0.0107  0.1510  0.2114
   2.5   232    334  1401  0.142  0.590  0.0091  0.1330  0.1933
   3.0   215    293  1418  0.132  0.577  0.0080  0.1237  0.1843
   3.5   195    259  1438  0.119  0.570  0.0071  0.1123  0.1715
   4.0   180    240  1453  0.110  0.571  0.0066  0.1037  0.1607
   4.5   164    225  1469  0.100  0.578  0.0061  0.0943  0.1482
   5.0   151    214  1482  0.092  0.586  0.0058  0.0866  0.1377
   5.5   140    205  1493  0.086  0.594  0.0056  0.0801  0.1286
   6.0   132    194  1501  0.081  0.595  0.0053  0.0755  0.1223
  --> CHOSEN threshold = 2.0 sigma (TSS=0.1510)
      per-class recall at chosen: B:0/0  C:79/1124  M:173/488  X:12/21

hel1os_czt2  (in-GTI SWPC flares=1633, neg-opportunities=36625, GTI days~159)
   thr    TP     FP    FN    POD    FAR    POFD     TSS     HSS
   2.0   246    389  1387  0.151  0.613  0.0106  0.1400  0.1978
   2.5   217    324  1416  0.133  0.599  0.0088  0.1240  0.1823
   3.0   196    284  1437  0.120  0.592  0.0078  0.1123  0.1694
   3.5   183    263  1450  0.112  0.590  0.0072  0.1049  0.1607
   4.0   168    242  1465  0.103  0.590  0.0066  0.0963  0.1499
   4.5   155    225  1478  0.095  0.592  0.0061  0.0888  0.1401
   5.0   137    215  1496  0.084  0.611  0.0059  0.0780  0.1248
   5.5   132    199  1501  0.081  0.601  0.0054  0.0754  0.1218
   6.0   126    191  1507  0.077  0.603  0.0052  0.0719  0.1170
  --> CHOSEN threshold = 2.0 sigma (TSS=0.1400)
      per-class recall at chosen: B:0/0  C:75/1124  M:160/488  X:11/21